200052529
200066217
200066507
200074994
200075111
200075110
200041265
200071453
200083139
200054695
200078779
200075108
200075109
200075107
200051372
200071485
200069926
200070240
200086618
200067602
200066357
200064002
200070844
200065364
200071315
200074310
200079363
200064016
200076881
200060297
200070237
200070236
200070235
200070239
200070238
200079510
200057872
200045719
200074672
200080032
200083146
200073727
200078907
200048968
200073121
200059114
200071982
200084789
200076408
200047835
200078845
200070580
200058057
200063093
200062270
200076983
200083948
200070606
200070607
200070605
200044618
200068981
200070630
200076579
200076381
200060361
200063266
200070930
200075413
200093421
200070241
200067833
200062952
200069790
200070242
200070243
200070244
200069405
200078510
200074406
200067835
