200061844
200059715
200093156
200071104
200065337
200076871
200091063
200068447
200022182
200052525
200064675
200071735
200070606
200070607
200074207
200061533
200046817
200064678
200016868
200063717
200076881
200049607
200068102
200074533
200042564
200063161
200074767
200061345
200061347
200061346
200056586
200058057
200040111
200064676
200086101
200065530
200077846
200086102
200086103
200086104
200057049
200064381
200062408
200068448
200027971
200079866
200052715
200069471
200046805
200057609
200071315
200084498
200058652
200071318
200080551
200074310
200052564
200071418
200062050
200056638
200081475
200085183
200074246
200063818
200085066
200059597
200074488
200055939
200081313
200069704
200074360
200052716
200062952
200063681
200021180
200083142
200051827
200067685
200046226
200066763
200049592
200061394
200066688
200081713
200077736
200072092
200039821
200060749
200074912
200076483
200042477
200073574
200074720
200066694
200096782
200090847
