200086039
200085783
200061844
200075109
200086030
200086031
200075104
200075105
200057872
200075103
200078521
200066202
200071585
200029087
200059715
200093156
200090546
200071104
200065337
200086618
200076871
200075108
200091063
200070580
200068447
200066053
200022182
200038495
200074596
200075106
200074594
200074595
200075107
200052529
200071453
200076381
200054006
200052525
200070605
200081287
200081608
200064675
200086207
200069405
200059129
200069761
200055291
200081903
200059130
200071735
200083139
200060407
200064016
200070606
200070607
200076157
200075386
200063093
200074207
200078968
200067980
200067310
200078045
200077029
200061533
200046817
200057249
200067833
200064678
200067120
200016868
200054695
200063717
200046980
200072857
200059114
200090486
200090487
200076881
200068981
200066507
200074534
200049607
200075751
200068102
200079812
200074533
200064679
200071485
200042564
200079818
200063161
200070630
200060361
200074767
200061345
200061347
200061346
200056586
200084133
200058057
200040111
200059739
200064676
200086101
200085954
200073727
200065530
200045719
200085951
200077847
200077846
200062270
200069970
200066217
200081383
200086102
200086103
200086104
200057049
200085776
200076983
200064381
200064677
200060297
200090063
200062408
200075748
200068448
200027971
200078907
200077288
200067602
200079866
200048968
200052715
200069471
200074672
200075330
200046805
200079651
200070237
200070236
200070235
200075901
200080232
200070238
200080032
200066954
200057609
200063576
200044618
200064960
200076579
200088850
200065364
200085575
200071315
200084498
200059127
200058652
200082187
200071318
200073121
200080551
200068596
200064002
200065481
200066357
200070930
200074310
200052564
200071418
200086929
200068642
200067835
200092872
200071982
200044183
200070242
200070243
200070240
200070241
200087069
200070244
200062050
200075140
200069790
200056638
200094555
200066582
200081475
200085183
200077067
200082174
200074246
200049321
200063818
200070844
200085066
200059597
200074488
200078845
200065525
200055939
200084789
200036552
200081313
200077740
200074994
200081252
200069704
200074360
200075804
200052716
200063266
200051372
200062952
200041265
200063681
200021180
200042268
200083142
200075413
200083146
200069926
200051827
200078779
200074923
200067685
200075659
200046226
200066763
200079363
200079920
200049592
200052583
200077980
200070239
200083948
200061394
200061300
200066688
200093421
200079510
200081713
200075790
200077736
200076408
200078510
200075111
200075110
200051254
200072092
200039821
200087849
200089232
200089237
200089236
200060749
200086028
200074912
200060781
200076483
200074406
200047835
200042477
200073574
200081275
200092495
200074720
200081673
200081682
200066694
